k1 = 20;
k2 = 45;
T = 7;
T1 = 0.025;
t = 0.4;